2018
5881 8724
586 1420
1663 9979
7856 7506
3398 948
721 4620
5276 3127
6252 3246
4293 5504
1996 1059
2141 8148
697 7747
8994 4292
4234 263
8861 6023
4747 896
8668 4742
4721 1685
5543 332
7632 8929
3549 8941
2069 8354
7952 8825
682 4673
2084 2245
393 2678
426 4225
8517 7443
4058 5772
8147 9104
0 2919
7661 9246
7283 8669
5353 8735
7664 2827
8120 2985
7691 1214
6391 189
1214 5643
7888 7073
9752 3298
7524 4634
8429 6530
8654 2393
1497 2487
5406 3153
2399 7850
6519 9419
8154 9682
8861 8224
7561 5819
3385 6982
3523 5253
896 9776
6850 4738
4388 8785
9771 2954
5836 1912
658 8200
687 842
3995 2155
5 2445
1864 6394
2428 2876
1100 6371
8542 1290
4624 8662
267 1927
1703 8147
9237 1163
6300 4905
4211 3626
1890 6071
4271 6399
7241 2548
4704 1310
3755 1236
3982 1061
3938 1972
4695 6411
4053 1390
6404 3237
5164 8677
6824 6671
4187 3219
4477 2414
6040 487
2911 8688
5088 4282
3183 3534
4845 2329
9918 4239
5300 4952
6924 3900
311 9238
6981 1619
1208 4364
3041 3385
6409 6372
9592 6218
4984 596
7435 421
9109 1024
1658 346
3881 549
9231 4841
9080 8726
30 9149
3049 4381
9971 3307
4926 9713
429 6952
6690 2487
8859 9823
6041 3099
47 4803
5224 1025
8401 7482
7829 686
1235 6411
1253 1710
6788 466
5967 6685
1066 6818
125 9017
5082 7390
694 1404
3891 5511
5334 3736
3187 9102
3906 7727
5104 3234
717 5482
6168 3505
9917 8546
6608 3756
4222 7522
4207 9748
6566 6542
1911 1626
5368 3044
800 6993
2504 6062
6151 4691
145 4191
1918 9338
2573 4051
5886 7023
6880 3290
8188 2054
5810 6797
671 4796
4544 6385
9279 1231
2857 7462
506 1190
8183 8225
639 7658
2349 7039
1230 3142
2481 8847
9250 3149
6524 5054
4696 5136
7191 3404
6554 2884
4032 9353
2090 7225
8456 4928
2390 1369
2559 7665
2242 9249
6907 7094
4134 9234
2376 5609
4456 1716
1217 4857
6263 3706
8843 7741
1146 959
195 2386
8091 4052
1277 4227
5507 6534
7903 6086
3751 7898
3499 6815
261 5994
1580 6758
8719 747
2464 3956
8814 3175
3234 33
7775 1429
2389 8429
7167 5273
9325 8936
9516 1610
8144 6954
3040 5023
9273 2400
5567 3144
5490 9124
5883 5828
6576 7070
1026 4602
4130 5392
5425 6192
7622 3716
2145 9552
1177 6363
1651 5664
7274 502
3809 1167
2543 1771
4171 3201
6345 1816
7293 9738
1918 8187
5257 3176
4130 8494
238 2636
5180 8260
1976 5664
1568 9154
1869 473
2489 2746
9600 3521
1040 9764
1535 3409
2963 3583
1752 2058
8148 9308
3848 9045
8573 66
4913 9105
8093 2703
7316 5151
7167 9626
8780 5644
2470 8736
7834 650
523 4959
4723 7434
7196 1563
1499 2610
1020 159
5819 9603
8648 9168
5587 9667
5125 7221
6276 500
2003 9570
9196 3592
9237 9171
4259 7977
4979 1707
6666 8445
5879 5502
3417 7742
6704 9427
9586 1268
871 7725
6893 1758
1425 5871
3092 2480
9332 6550
6121 5721
9313 1336
6859 5317
9646 4902
2961 7470
5915 977
2831 5980
74 8146
7574 6249
3869 6778
4503 3512
5270 4741
612 1397
229 6696
9598 57
2130 9562
7250 2071
3741 7795
2698 4109
1579 3387
4365 2011
7991 3846
1992 7196
9797 4417
1196 9566
3079 3667
4760 5699
3448 8349
1397 1724
8133 3678
9592 996
9419 6615
4411 6842
7303 3160
6548 3461
5472 8882
9080 7265
813 9816
4233 1072
6991 611
630 5429
7481 70
4771 1742
9818 929
959 2521
9869 4304
919 551
3745 9288
2449 5330
8791 1048
6282 5349
2614 4264
432 5362
2787 3427
390 1017
6447 9778
9848 7372
9114 280
7561 971
9844 5285
9589 8521
5424 9713
5354 508
5839 9170
6570 7803
9504 982
1598 2853
4567 8470
8249 2030
3048 7354
7132 8640
2364 5847
6127 3332
656 7831
3116 3688
8561 500
6566 2705
9565 3986
9508 1920
6075 1756
2739 2430
1635 5579
4049 4337
2720 6203
9909 8650
7290 2120
7967 7042
6726 6007
3838 446
486 7382
4235 6954
6011 5400
5738 801
9073 5576
3685 1598
4028 5148
7079 6424
7113 5664
1867 7480
6130 6185
8305 1776
5170 9773
5780 2624
9422 1897
5631 5970
2924 9909
1661 9866
7019 5287
7215 7399
8997 6092
7592 900
3676 3025
8689 4671
8503 790
6975 6908
5037 986
759 1633
4257 207
8456 2891
8861 3680
9941 4088
3954 8137
3424 7954
5353 7326
3418 639
7892 4350
3727 1011
2034 1568
8710 8769
5677 6890
7876 2038
3671 7066
7274 8635
1526 4280
4312 5730
9818 6739
4876 605
8559 125
7451 8300
5291 3912
4614 7221
4584 9535
1104 4694
3463 6619
3509 6166
8204 5492
2559 7737
6372 8227
8860 6185
1915 4250
989 3172
130 8086
4563 2217
6869 8689
8954 8366
5587 2160
1696 9920
4614 6524
9495 9152
5318 4429
6274 9356
7093 9875
4454 5185
1370 3465
4067 3314
2839 9637
7723 1408
3625 9321
8010 8638
3356 494
9006 3316
3237 8944
1820 7054
6206 4203
4985 1315
671 7877
4104 1259
6444 7764
7581 8558
8225 7814
7451 8000
9408 7416
6737 1527
6517 9385
6231 1099
4416 9874
5170 1589
8644 4005
8208 6990
4657 1202
9079 9545
804 5328
9444 9535
8094 3600
7766 7025
5025 2671
6439 1570
9449 785
6522 3176
4275 5966
5840 2753
4342 5043
9048 7362
704 9338
541 7257
6802 5361
689 5972
5508 3959
7559 133
3510 9954
8977 1678
3248 4887
2024 5416
8592 2697
5015 8546
7651 9219
4263 7208
4570 8346
7684 3311
6920 5275
636 4577
550 75
386 7678
4163 2410
2364 4297
5975 4026
8913 1341
6757 9223
8272 7290
2188 1701
7272 3288
496 9840
4538 1535
1199 1418
6693 2222
3152 8119
4546 3682
7712 3702
6112 4932
9230 1875
5901 4828
2521 1557
7133 1167
4809 5630
7331 5405
5045 6997
6837 4603
2491 1893
3312 1375
9950 3690
8161 6357
6391 3102
3156 9060
344 4103
5979 5620
448 5926
7484 8232
5751 9321
4951 4617
22 560
3910 8634
9589 1420
3313 7099
4827 2080
2122 6625
9335 4777
4231 6636
2048 5726
9830 7387
9359 2392
8319 2161
393 6159
5480 5803
6772 2497
9409 431
5417 3146
4566 3319
419 5006
3439 7880
857 5246
6375 5561
8549 192
5919 606
4345 6949
9342 5749
7910 3704
9863 7661
9816 4655
3504 1695
2126 6588
9734 2914
6233 3895
8901 653
4885 3004
8250 2340
4254 5742
5935 977
1583 9155
6105 8206
307 2280
2336 5447
9460 4569
5576 2199
246 5628
8568 9081
1995 2372
6267 4654
5307 4580
3937 1521
3861 192
2287 2187
9517 4467
3623 4574
2780 7452
9733 9728
1527 3087
4008 2069
621 987
2967 9584
8665 867
9592 1535
6189 7012
1593 2211
3732 7849
8041 5530
4069 3946
8413 6680
1254 9938
7391 2036
8116 4034
3473 7124
5545 9643
6982 7481
3418 6166
7034 9949
7836 2083
9096 2978
5189 378
8227 7041
8923 5274
9220 2620
9301 9344
9283 3985
2374 555
942 6674
3798 490
6486 767
4601 9343
1862 9820
9770 8019
102 5248
8226 3958
4336 5550
2591 9767
5041 2563
5184 7866
7211 613
4599 837
1392 6494
9520 6973
3815 8686
9454 9670
9013 6653
6474 407
8426 7227
2475 2596
6554 4880
431 701
469 891
3454 9374
3593 1862
2476 4990
2179 804
3650 7075
400 9924
8610 3170
2840 567
7221 4416
4823 8205
1785 3695
6291 3249
8130 4260
1314 2845
88 4913
639 8135
9997 3543
4885 4232
5036 2473
5900 7065
6989 5038
4560 6300
3220 1951
6368 7400
1958 441
488 1191
793 3743
4355 3131
5976 5275
188 5669
3804 6065
5960 7179
1412 3802
2627 7197
614 2800
7839 8528
1180 7603
5907 2399
6152 4400
1193 2275
9818 4462
4557 1681
4812 611
2238 8912
4582 7141
9558 8778
5958 4738
4892 1870
9067 7370
6522 7520
2400 6034
9989 713
9465 9932
4333 5896
8171 1969
6431 1878
3560 4342
1305 988
6252 4724
8217 3544
2322 7186
1925 7775
5997 4632
8354 6817
689 1417
7451 4877
5590 9441
9374 7440
3337 5055
7024 59
1937 7860
2202 9807
7147 1849
6574 3508
3404 3400
586 1143
8919 2078
6711 2511
5681 1268
2685 5065
6294 2722
2164 136
3929 1885
3292 1538
1597 7266
5126 6669
6476 9886
1736 3681
7189 3624
3376 4662
5805 6945
9023 3962
2826 1076
2345 5734
7152 4859
7581 5030
1519 3446
1683 6097
7635 5448
2714 4976
1645 5584
1823 4192
7873 4473
4449 3559
8221 1414
8359 7825
8140 378
1455 3735
5821 7318
2177 3800
5182 2973
6420 6110
2208 6701
8501 8103
9431 6195
8132 7567
1760 1076
1902 9955
9866 5985
3752 6351
529 8087
4817 8463
2198 8669
2339 6272
6424 8020
7345 4516
6978 1607
4660 3765
8221 9186
1734 9514
7081 7652
5081 9866
6173 5193
1179 3335
6038 6039
478 1283
9746 6567
1588 5295
7920 1945
6317 3927
8443 4344
2303 3662
3780 5422
960 6964
2830 8353
2357 2694
8912 9911
5105 3790
7125 5085
7476 2636
3919 3164
6083 7954
9602 3665
1962 7672
7951 7522
1866 4631
4646 2747
4521 4170
7486 4778
3131 5481
4528 316
6579 1840
5631 9792
1230 8036
672 9108
8624 8706
3013 943
961 1060
5084 2615
137 9275
3907 3035
5782 8355
8877 4905
9683 303
2137 2715
9383 9166
7358 6665
6457 5963
3999 9341
4802 7687
2746 1024
8319 3426
838 5759
8374 9280
8556 5922
8958 4863
9570 8815
72 4740
5044 8448
1163 9755
5273 7181
198 547
2862 2631
1973 3007
7047 3213
589 6775
6553 9793
5552 8909
8189 7392
3314 278
1493 3097
1912 8624
3365 1063
5863 1984
8091 4761
8294 7027
3926 9716
2348 4844
7851 3140
2705 673
3800 4898
1043 3295
2204 6705
449 2947
3225 393
9843 116
8740 1070
2134 1755
92 8457
9570 7997
1376 4535
4252 4216
9060 1654
1146 2952
9977 3264
4514 3852
7147 129
6834 5558
8505 9351
6096 3636
3752 8083
9153 5939
4047 2492
7302 7639
1989 491
5026 6872
1089 3365
1372 5630
8582 6501
9765 8870
2722 4911
5040 4280
6190 6221
5572 8227
1863 4695
2778 8021
312 5615
4459 8284
5923 711
1202 1761
4986 7912
7630 2581
8211 2427
8928 5354
4224 3146
8057 8694
9326 6947
3168 3098
7677 5516
6563 5093
9466 9540
5155 5694
3978 9778
6842 5966
4080 9901
4166 8044
625 9066
1493 1796
7150 8837
1983 421
5467 7726
1025 6392
5842 1145
6661 4194
5639 3519
3059 9577
5271 1457
7587 4566
533 5601
1854 4429
2474 4613
31 6020
4168 3099
8288 1524
8297 7670
5397 6623
3016 3765
4910 6422
6968 8858
2378 7924
7501 8959
416 1789
6356 9124
4725 8004
2433 3241
7854 2931
8952 4907
4359 7885
5761 9472
7143 8999
5623 4058
4175 8892
5314 4991
201 9086
3362 8635
7594 2579
4369 7215
6339 4363
2367 7077
318 7416
347 4800
6060 4524
8761 5651
1476 6771
2122 4522
4932 8619
3863 7745
9088 9108
8194 5529
4164 9290
8221 1556
5123 8111
2474 2590
6019 1462
5230 4841
5993 6337
7213 5577
7581 8405
1528 5974
496 9057
4028 3651
7748 1781
889 7891
3420 6837
6127 9083
6991 3937
2048 4348
3291 2114
9928 874
2067 9310
2000 5158
7087 8060
2818 9213
1540 4668
77 4346
7997 8388
169 4105
8348 5746
2583 1058
6493 8121
2058 5062
5762 3484
1950 458
1332 5405
1068 8230
3388 9751
7811 9420
8633 6828
7848 6981
1328 173
4914 7926
8383 5677
1423 5083
6142 3084
1205 358
5420 2635
2472 9615
6425 7535
2940 774
9005 7757
3860 360
9780 8745
1925 8023
5005 8414
4939 9774
4052 6333
2010 6205
1289 2435
1871 9786
144 7431
6418 3076
9043 1917
5804 5242
6017 5468
9577 8744
5457 1374
119 3437
1461 5237
3 2045
8171 6466
9151 1295
7500 2223
1010 7513
3651 8789
2572 2882
2310 3796
2065 8991
4233 7706
3174 7869
2965 6602
7976 2752
2541 8422
3660 4448
2845 4002
6820 15
1310 1016
9591 2323
6189 8811
7600 601
9835 9840
9988 6525
1868 8498
6204 2053
6274 2453
9056 9378
8482 5592
4014 7032
7832 7376
7730 4026
4042 677
8045 4551
3226 1704
515 7636
4590 9415
9256 4468
993 4425
2923 9244
7650 2861
5314 9127
4858 3924
9516 722
4107 9692
7068 9883
261 1939
8969 4799
5702 655
2360 7014
1003 8928
4696 9227
3695 5593
6370 3952
9548 1040
3901 5646
4773 3550
3827 5568
6290 5983
5676 9695
5930 397
8689 2744
7543 6192
6847 7658
1024 3245
8526 5559
4787 2027
3972 3222
3526 8482
9523 343
5989 9426
2977 9776
1696 7114
9450 6804
2851 4339
1088 5126
4222 8782
4974 9777
3787 8118
7715 8173
85 4812
3191 6241
9463 4872
9706 3516
3859 2989
2416 5581
1710 6200
9666 1745
4901 3406
7745 9116
594 7752
6534 5186
4963 4817
2935 7860
2386 5103
6267 650
3244 2471
3695 5810
9326 9059
2049 3401
8983 3185
5737 817
8914 7045
451 5404
872 3815
7919 4549
6087 1467
2636 806
8666 7402
2505 1923
8925 7404
9875 8772
4583 2169
1229 3570
3324 3909
3447 9630
6799 8659
5704 5536
7292 5713
5880 2507
3408 8165
5984 3799
957 9495
6898 8620
543 5976
3380 9403
4528 5820
7990 3256
3178 5463
5724 9219
5201 6502
5161 5523
1060 2000
4065 7217
9725 8352
2869 9945
96 3133
8981 8853
3825 1054
7030 5879
1634 720
6541 6762
6370 2514
7977 4531
102 9549
2403 54
5577 5303
7303 3917
1134 2989
1342 1368
7665 7211
6697 563
9417 7761
5167 5678
7909 3242
315 8549
5312 9543
8410 6856
7739 1682
7583 6387
2793 7841
3144 9987
3904 8371
7712 6799
4519 1390
8602 9054
9618 8536
2649 5299
7329 5387
4981 7817
2718 5238
1133 5296
8504 8030
9713 9543
2283 6243
4084 3648
3635 5076
9799 3580
6731 7539
5282 7512
2918 1250
6138 3884
5535 8888
4275 8788
6605 2864
8102 5609
905 9323
3706 9235
8779 9410
2005 9771
3419 1062
6138 6090
9670 7055
946 2290
9802 2754
356 6228
6464 2720
7961 6495
5283 1999
4863 2236
4197 8240
3915 9317
8553 1455
7217 3973
3744 3684
4746 9222
5312 3516
571 7236
9526 1335
4089 7869
450 5680
4753 4445
7292 3266
5266 2714
1302 2575
7167 6481
5799 5500
6955 1083
5056 4352
8036 524
9746 5153
8669 9134
2722 5059
2746 5592
3461 8601
4281 6835
7632 263
3530 5386
8100 4925
3852 5148
1629 5755
1255 1020
8455 3780
4484 4562
5086 3511
5016 8872
8006 4832
6243 3685
9277 7081
5682 5341
8528 9091
5706 9963
1702 6161
7438 9236
736 9802
1909 1290
8662 8718
2498 3164
4078 7117
6981 6983
5855 5516
6701 1997
2035 214
7295 9296
4638 1312
6755 2977
9292 3166
5679 2462
8050 994
7149 3117
760 8787
7505 9058
8575 5774
2892 3
3338 9005
4522 6225
4574 9194
9408 7575
6871 6609
4274 6703
6032 1509
1028 1029
3491 5324
2671 6707
6177 1542
6681 9820
8878 6937
9063 4186
541 3805
2811 1955
4532 232
9426 7333
4908 9107
2068 5186
8241 8131
9641 6342
7372 4273
9597 669
3728 7215
5109 8620
8440 9905
3194 1790
2328 3671
7476 2258
565 9222
9454 287
3972 5098
557 5232
418 8880
7012 2625
5320 5011
9284 3005
26 9044
2611 5233
3854 3754
3660 7721
5863 2294
5965 3206
5464 4544
118 9794
81 6030
7480 5924
1156 4054
9286 8037
7014 7926
2937 2650
2007 8686
7730 8573
3806 2033
2140 342
4415 7660
6307 5800
5358 278
1174 8624
8418 823
3205 1292
7216 4852
5258 685
5074 4724
2650 4544
3547 8440
7127 1939
512 5554
7588 4857
1551 4319
8331 9728
1880 5966
2597 990
5967 7238
4413 3771
5064 4385
5589 7618
4655 8632
3357 847
1744 9729
4522 2359
4299 5291
7197 1649
2858 4811
5482 1137
865 4410
376 166
1156 9097
2688 9325
3097 7123
7861 7101
1072 4513
3145 9802
650 2079
1809 6502
5214 8746
389 2683
4332 9513
676 7586
8724 7190
7952 6159
2677 5941
5039 4681
4006 3833
7309 4079
7532 7103
1616 1522
1324 8604
684 1114
3968 8326
3424 8845
1528 9182
8695 3813
1400 2212
9402 9372
1883 6476
2417 3707
8388 912
1097 3808
7887 2394
9498 8406
6280 1772
376 7466
8580 3957
2283 7412
2609 8901
8083 5708
5873 489
2701 6779
2503 3625
101 8456
2163 738
1650 8871
9031 551
2945 2747
7506 6919
8691 8795
2614 3786
4095 5419
9184 7546
6447 6379
8439 1793
2283 4531
7662 664
4290 1336
9792 6517
3607 743
9614 8307
5210 1609
4356 8646
1917 4508
3303 8214
8353 6960
8731 2269
6168 2448
5179 7915
6061 2615
3498 9970
635 4696
2384 7512
381 1277
2020 8529
6836 3988
5597 7987
2985 2047
6555 6306
872 4902
8214 6210
4832 9225
8026 3297
1213 1000
3615 3205
9528 3626
4674 3466
7330 6515
7792 7058
5587 7712
8052 6164
4151 8776
823 2
2660 7136
8390 3730
9940 3532
9110 2956
6254 4772
5772 7136
6693 3819
3797 5740
5558 2573
9088 8471
5529 2888
600 6880
9397 7469
6245 5005
5007 3548
7037 3420
7150 7667
1199 1779
4736 7090
8215 6661
3797 990
1161 339
6079 6843
9416 4958
3429 1637
878 8505
1737 5310
2779 7830
2835 1134
1035 5376
8796 7842
1861 8072
9851 5946
9389 9413
6074 939
1929 7604
7943 6224
9419 3090
4400 375
8364 8835
3692 7829
3140 9242
7073 1782
9268 2271
4000 9908
4103 6655
4727 2796
5095 2316
1729 931
8222 4484
8440 4156
380 6504
5946 6383
3110 9799
4986 347
8176 1475
717 5031
6813 7668
6292 7790
4051 2433
9089 292
9440 8154
6822 168
7451 4535
9019 8552
2708 5674
2178 7459
195 9440
9239 8124
8471 3305
4780 577
5608 3000
668 5498
9640 8773
1207 3312
3604 3691
8197 6648
6816 3045
7580 5020
9924 4268
6294 2952
6763 2632
2072 8472
2948 6958
264 7663
8240 7772
772 1396
3246 201
8974 7792
1105 2887
2930 6533
3181 4709
4106 7480
8852 6350
618 8039
991 8776
7760 3264
8088 7754
1065 6184
199 1036
8808 7681
9077 4791
4992 5932
3725 8676
1563 319
6852 4830
5891 845
8325 6386
2736 6350
4389 3529
8657 9706
9322 1732
5838 6417
8953 7410
8446 6903
936 9152
296 3607
9539 14
8690 5288
1959 9616
798 6605
7450 5164
1550 6690
9392 2128
2009 638
6696 3781
1865 667
3436 6018
3428 7703
959 2390
7894 1874
1833 1895
8261 8190
9831 1373
7341 6951
9908 1790
6954 8140
1182 3711
2191 8504
5494 574
707 4200
1219 2190
8208 2572
6627 4656
3398 1636
9863 7586
5834 1292
5835 1696
9421 4095
7399 5666
7456 6763
4903 3659
7370 763
9267 6085
3011 9561
114 1114
3304 3718
2642 1333
5989 7865
9501 5621
9560 9387
7032 5716
3765 5394
5841 2867
8533 3186
6301 3240
6900 2341
3104 1204
3641 622
6536 8724
9838 6652
6722 6650
4335 9494
7359 5716
1338 325
6064 3213
8929 7250
8996 3096
2315 2694
2233 4837
4430 848
9542 8534
6091 7682
8304 2646
1370 9732
2737 1192
7842 7560
7055 5811
1528 2178
8855 766
3979 9218
2820 1271
720 9261
8307 1816
6653 3035
236 540
5427 1083
5117 9778
8776 1518
7602 3422
4614 6499
4059 339
2503 8809
7339 7466
8233 383
5953 2546
3817 8564
7825 8773
589 4537
7573 6133
3025 7242
4678 7809
3939 4804
6322 9795
9569 2715
9214 3925
616 536
5697 3274
7092 3119
9854 9388
1934 5325
3890 5807
4580 5751
289 8067
552 5169
8764 4214
8375 9930
4734 9794
5941 2314
5029 7409
1334 1863
8751 596
222 8302
7774 4448
3836 7314
8992 7628
3436 5770
7873 9234
7301 4368
9538 8162
8728 4206
4136 4654
4448 7103
5769 5222
2631 389
8604 799
7747 3965
8620 7355
1803 7969
5283 6394
374 1991
7761 4275
3509 162
4531 5635
149 7163
1369 4069
8723 5230
2333 1857
7079 9523
6264 8103
5254 9711
28 4869
2224 3001
970 8648
1394 380
2371 2605
6881 1769
1931 6485
2120 6742
3905 2814
6883 8621
3851 5274
7131 1958
7833 2537
6992 563
274 4098
5319 8598
1599 302
5303 7543
7923 8921
7878 6697
4818 6647
3132 4759
7854 3102
5916 1604
225 1759
3386 9152
7462 429
9318 6869
7432 5296
5746 6310
1260 7706
4361 7417
4960 2859
8132 9664
2713 9236
5883 6010
7122 3884
3338 5367
6971 4976
3087 5606
1110 3548
3977 2825
9695 8573
221 9647
2309 7127
1186 2319
9736 3569
2780 1899
1563 1048
284 7264
3275 628
864 2519
7886 6749
8077 4202
9809 4857
4758 7516
342 919
5844 5087
4735 37
3516 2417
4736 7044
6966 1054
2953 4472
5521 9746
7011 868
1497 2157
1029 6638
9739 8713
2916 8915
125 7816
1684 9077
6348 4883
9970 2026
8415 2193
4610 1057
4454 1932
9338 5699
171 1420
7518 2292
3160 2044
4202 881
3871 1009
9723 1583
6850 3610
7778 8991
8068 3327
8210 9463
7841 768
9313 4533
1942 6257
4541 3924
9623 6396
4168 3879
6171 6146
4543 8039
8920 5684
3045 8745
6680 9144
9106 9120
4463 3530
6858 6885
2700 8883
9652 1420
2305 6893
3150 8965
9241 4248
6996 7691
1571 5216
1363 1165
5556 4094
6130 5906
1003 4476
9972 9176
4648 4035
7565 9079
2316 9112
7995 4423
5844 1368
8261 7647
6613 4501
8749 1412
5455 2206
7423 2098
9615 7026
1121 5138
1044 5171
5999 3603
2779 8399
2434 5972
5051 3780
2892 6351
775 7367
8735 887
4887 2971
7472 6996
4760 7852
58 2574
4672 216
3594 7481
2619 4287
9458 1067
4671 15
4766 5457
1429 7450
1230 3552
9904 2832
199 474
7714 7031
2 5286
8635 2601
453 3826
6400 3395
9963 511
4345 1072
1711 3558
4625 3316
3332 1169
2979 9296
3099 4450
8003 760
3593 681
1156 4259
1290 3792
5431 8870
7823 1292
5118 4066
3813 8276
5139 7871
5295 3777
7335 5836
9153 7007
8176 8312
3961 2485
3287 7507
8268 7060
4093 1290
5549 1861
2005 1601
6823 6839
4483 7436
7854 4646
9274 5954
3825 1668
5445 4414
250 9120
2479 9132
3796 9403
8240 656
4515 7757
4817 7880
9170 2783
996 5263
6864 1072
4263 3002
6790 3688
4686 5099
1053 4645
2665 3961
8375 1230
6702 8110
3594 4977
733 9182
6190 7390
1500 5325
3205 705
9841 2669
7932 2376
9800 837
191 4797
4837 415
5514 6982
7979 9523
3484 2919
501 644
5106 8211
3189 7204
2738 8700
2442 274
5599 5280
2337 3942
6612 8805
7533 2178
9368 896
2045 3685
4100 9559
6541 6882
2758 5967
8886 872
1516 6242
806 5740
9296 6622
1674 347
621 2034
3666 4117
4411 2572
1377 6003
4534 7375
8272 5262
8947 254
9813 317
3552 3048
5367 2707
3579 6310
8904 4253
6345 5096
8070 9710
6409 5641
4027 9745
214 7030
9603 7693
49 977
8353 7332
2595 4583
4837 6625
3294 1542
942 1002
61 6846
9508 6309
6915 3641
5089 8413
4475 3260
5254 9511
9256 885
4267 9281
6975 5822
6800 222
7555 7024
7959 5153
8130 6502
4396 9148
6502 7776
975 5339
8000 6564
6557 483
8896 1267
880 7998
7509 9724
609 6134
5415 3118
8940 4876
1451 8742
2118 2092
7245 5358
1860 77
5577 1727
5856 6256
7947 8432
4996 6831
7314 2300
